62460
44783
50665
828
8240
9320
64015
36027
27231
23676
24669
12071
26050
16560
65445
30933
55536
15306
39583
30681
1896
10995
40222
16111
35500
59228
14375
26471
23992
49792
52479
36915
57201
7204
18843
8616
54454
32903
23798
19722
26154
9103
57257
13553
55716
47826
38799
59929
20772
39145
45993
54698
12741
61575
19204
53428
23191
33136
36234
30318
62928
56677
41812
50843
13455
27362
54740
25807
34521
20597
10519
17191
3260
18536
4555
20709
53965
52003
14758
31300
33238
4629
65281
27712
10208
48671
30864
53226
42395
49009
41689
6901
42889
53654
3459
22750
19348
4530
59848
1993
8918
1681
64777
2034
61997
50855
24928
51895
52037
42901
36308
10527
2243
14719
12146
14184
44150
61130
30578
54810
12984
10965
42950
55100
21579
67
35487
8770
27834
26058
51516
2311
26702
22329
40606
54803
42678
15366
31330
48820
10378
3400
53812
46200
31296
24289
38078
55118
2325
29436
39498
28324
8784
28706
44387
41529
40189
18770
43845
40263
48815
49415
4242
11934
1635
35809
34192
20571
14958
6788
38256
43069
231
9179
20731
2248
57908
5620
50727
10554
25783
3114
48599
14752
54364
33182
22512
5788
45540
26417
54781
49351
64020
35031
5584
21377
52432
50974
812
8486
9728
56218
12314
21839
38351
29122
4962
43729
18964
56797
23036
26971
28510
47444
44828
10182
29607
64259
15777
19149
6009
39851
34984
5656
25071
38452
38574
32197
29186
47554
34551
62141
6247
46191
45611
49921
822
24977
20878
39495
50140
27042
10784
23936
58025
54428
61069
20298
42510
17967
29290
53746
57409
11702
38636
34864
33071
32398
13213
15846
28210
18661
32861
16567
10668
19205
32755
25351
41964
55382
8060
11626
31240
2460
42388
2272
22387
25046
20536
55744
57777
215
49351
26096
56237
14409
58777
27588
11549
15810
14290
55046
27524
42235
23897
33375
62105
60526
63886
18998
43766
23780
55021
26028
17551
46568
44802
26842
61548
3612
63727
35583
59188
9015
3977
47723
14829
18985
8984
16493
19676
49417
11856
45104
51993
20967
9759
11792
2424
50177
59188
51203
29161
20522
48714
15702
17117
14808
34890
47796
22960
24670
14452
24834
57587
26569
29855
63690
9425
22209
64721
43720
58848
53996
50162
36505
48942
40970
13768
5533
25545
37764
53884
59143
64580
46721
27798
28194
64206
104
19205
51812
40292
39666
49311
52425
42820
29681
29917
25912
52638
30704
20887
10136
60777
59444
30324
6373
31288
5718
36854
39854
7425
27751
52395
22144
12232
4611
27216
12517
31907
429
28181
51788
19791
52780
47498
1086
43433
16819
61643
44200
28648
221
57620
63466
24317
19936
36992
9061
62199
19811
21383
16932
8768
59888
8700
15572
16854
52694
36706
30252
3076
20809
55341
13308
33140
39915
12989
60692
64782
19045
15978
23506
51569
25028
63532
50742
6113
14354
62133
17756
48535
47997
51767
4477
17166
27757
31213
29457
55748
47750
40459
6112
52725
52699
65369
12793
11181
11308
29013
8361
3842
62044
61444
65340
34558
23762
39537
33918
63381
12803
10673
14142
31173
61878
38223
22836
10000
54635
58498
43380
26684
6992
39622
33768
64463
29044
38286
4730
16451
53917
39728
35053
32243
46502
51182
27702
9776
3053
43139
885
50507
28407
20764
31222
21965
51709
30539
18720
43208
17635
21655
62690
13201
50297
24886
24523
6973
49927
16939
17197
13193
58671
16150
5692
38501
38326
22875
45792
52325
14218
33666
49822
23142
31789
17332
50982
9904
1577
14984
58333
5452
22382
1829
17779
39199
51869
62992
42319
47925
59611
59532
22007
19574
17319
14818
3653
62765
18454
54813
14633
37516
32385
44404
31087
37358
54224
38995
51816
38210
57361
13549
51753
53503
25974
22413
17905
925
17155
5637
47138
13809
56316
64398
36536
19520
4144
30895
29678
52908
42525
35191
32468
50686
52956
59055
55665
32014
53482
60412
41871
57410
2714
59538
24389
57679
17259
32996
9303
5760
38124
33196
62580
63468
15535
24091
31242
60150
6383
6143
2095
23305
56736
32738
2679
40542
44970
18499
2406
23692
33881
63715
45551
45938
41932
16749
50781
56169
752
52282
50005
36430
56297
34410
13982
52182
18405
20660
3335
43285
29330
24550
25595
59240
58014
56280
65406
59502
56273
56166
22888
57156
60091
64121
10392
37814
38881
61437
14562
47096
13586
44007
54486
22012
56106
17503
56259
43926
28073
60412
52744
30251
50148
7478
43807
3113
41468
22432
56623
9707
44513
11742
45066
9636
869
56948
60316
24615
62809
24814
13811
3038
11639
17361
23932
20805
466
12622
47986
38461
2197
43072
34407
44136
49760
55206
22563
34845
29999
29716
59050
41574
56546
25446
12412
2593
18516
49883
13903
26679
45580
53708
2747
9708
50831
57019
8483
23559
72
22665
39493
60164
46660
29185
64834
57664
24511
25851
41261
16581
22257
54384
46058
64799
2605
17439
39344
11956
1820
16653
35466
38591
24892
678
13269
37279
9932
53386
30822
65179
28294
55257
38280
51525
53442
52097
15168
2813
10381
22841
62948
59271
22770
18199
27594
42976
41015
51189
56948
20311
6878
1487
26862
12835
23204
1208
6060
32470
1739
17813
3873
22319
882
6505
2009
62835
35072
31563
55116
31584
21437
54212
5713
50156
55950
64355
9989
56018
33383
40715
30364
22903
34617
13908
21028
45414
53903
42524
39390
36496
63629
32488
3055
47137
56619
19118
26313
49944
8774
18362
52316
12087
822
10641
17089
8918
120
25704
64567
32094
3561
14118
59678
51319
29752
8774
37152
9800
25319
64108
1953
33955
12200
64403
8366
31578
23130
36948
39293
33740
52898
16264
22579
62200
13671
60491
1191
60095
60785
18627
13539
33793
60282
48660
3897
50980
2890
49872
20067
48220
34119
32879
56606
24186
19062
3826
1028
35493
1160
30504
18516
64305
44127
3928
25377
56412
59357
52864
4222
54510
15355
32609
11120
17196
12866
41240
37012
38449
46386
34475
27710
52518
32269
25797
58330
20169
40008
25591
54237
7435
2926
8703
42374
22504
25715
58426
61639
39159
60109
58571
49325
52150
14597
55630
21039
14103
23455
2388
6239
47024
14581
60197
44047
2354
14447
24973
10772
7757
30876
60791
57581
10539
53573
46241
11974
12692
59889
23355
6613
4563
58799
50173
43364
60842
24483
47223
58202
49312
34812
54579
50041
24463
15313
25132
40077
13871
37768
47892
21288
